0.000
1.103
2.213
3.328
4.445
5.563
6.682
7.800
8.918
10.035
11.151
12.266
13.379
14.491
15.602
16.712
17.821
18.929
20.036
21.142
22.247
23.352
24.457
25.561
26.666
27.770
28.875
29.980
31.086
32.192
33.298
34.406
35.514
36.623
37.733
38.843
39.955
41.067
42.179
43.292
44.406
45.520
46.635
47.750
48.865
49.980
51.095
52.210
53.325
54.440
55.554
56.668
57.782
58.895
60.008
61.121
62.233
63.344
64.455
65.565
66.675
67.784
68.893
70.002
71.110
72.217
73.325
74.432
75.538
76.645
77.751
78.857
79.964
81.070
82.175
83.281
84.387
85.494
86.600
87.706
88.812
89.919
91.026
92.133
93.240
94.348
95.455
96.563
97.671
98.779
99.888
100.996
102.105
103.214
104.322
105.431
106.540
107.649
108.758
109.866
110.975
112.083
113.192
114.300
115.408
116.515
117.623
118.730
119.837
120.943
122.049
123.155
124.260
125.365
126.470
127.574
128.678
129.782
130.885
131.988
133.090
134.193
135.294
136.396
137.497
138.598
139.699
140.800
141.900
143.000
144.100
145.200
146.300
147.400
148.499
149.599
150.698
151.798
152.897
153.996
155.096
156.195
157.294
158.394
159.493
160.592
161.691
162.790
163.890
164.989
166.088
167.187
168.286
169.385
170.483
171.582
172.680
173.779
174.877
175.975
177.072
178.170
179.267
180.364
181.461
182.558
183.654
184.750
185.846
186.942
188.037
189.132
190.226
191.321
192.415
193.509
194.602
195.696
196.789
197.882
198.974
200.067
201.159
202.251
203.343
204.435
205.526
206.618
207.709
208.800
209.891
210.982
212.073
213.164
214.255
215.345
216.436
217.527
218.617
219.708
220.798
221.889
222.979
224.069
225.160
226.250
227.340
228.430
229.520
230.610
231.700
232.789
233.879
234.968
236.058
237.147
238.236
239.324
240.413
241.501
242.589
243.677
244.765
245.852
246.939
248.026
249.113
250.199
251.285
252.371
253.457
254.542
255.627
256.712
257.797
258.881
259.966
261.050
262.133
263.217
264.301
265.384
266.467
267.550
268.633
269.716
270.799
271.881
272.964
274.046
275.128
276.210
277.292
278.375
279.456
280.538
281.620
282.702
283.784
284.865
285.947
287.028
288.109
289.190
290.271
291.352
292.433
293.514
294.594
295.674
296.754
297.834
298.914
299.994
301.073
302.152
303.231
304.310
305.389
306.467
307.545
308.623
309.701
310.779
311.856
312.933
314.010
315.087
316.164
317.240
318.316
319.393
320.469
321.545
322.620
323.696
324.771
325.847
326.922
327.998
329.073
330.148
331.223
332.298
333.373
334.448
335.523
336.598
337.673
338.748
339.822
340.897
341.972
343.046
344.121
345.195
346.270
347.344
348.418
349.492
350.566
351.640
352.714
353.788
354.861
355.934
357.007
358.080
359.153
360.226
361.298
362.370
363.442
364.514
365.586
366.657
367.728
368.799
369.870
370.941
372.011
373.082
374.152
375.222
376.291
377.361
378.431
379.500
380.569
381.638
382.707
383.776
384.845
385.914
386.983
388.052
389.120
390.189
391.257
392.326
393.394
394.463
395.531
396.600
397.668
398.737
399.805
400.873
401.942
403.010
404.078
405.146
406.214
407.282
408.350
409.418
410.486
411.554
412.621
413.689
414.756
415.823
416.890
417.957
419.024
420.090
421.157
422.223
423.289
424.355
425.421
426.486
427.552
428.617
429.682
430.747
431.812
432.876
433.940
435.005
436.069
437.133
438.197
439.260
440.324
441.387
442.451
443.514
444.577
445.641
446.704
447.767
448.830
449.892
450.955
452.018
453.081
454.143
455.206
456.269
457.331
458.394
459.456
460.518
461.581
462.643
463.705
464.767
465.829
466.891
467.953
469.015
470.077
471.139
472.200
473.262
474.323
475.384
476.445
477.506
478.567
479.628
480.689
481.749
482.810
483.870
484.930
485.990
487.050
488.110
489.169
490.229
491.288
492.347
493.406
494.465
495.524
496.583
497.642
498.700
499.759
500.817
501.875
502.933
503.991
505.049
506.107
507.164
508.222
509.279
510.337
511.394
512.451
513.508
514.565
515.622
516.679
517.736
518.792
519.849
520.905
521.961
523.017
524.073
525.129
526.185
527.241
528.296
529.351
530.407
531.462
532.517
533.572
534.626
535.681
536.736
537.790
538.844
539.898
540.952
542.006
543.060
544.113
545.167
546.220
547.274
548.327
549.380
550.433
551.486
552.538
553.591
554.643
555.696
556.748
557.800
558.852
559.904
560.956
562.008
563.059
564.111
565.162
566.214
567.265
568.316
569.367
570.418
571.468
572.519
573.569
574.620
575.670
576.720
577.770
578.819
579.869
580.918
581.968
583.017
584.066
585.115
586.164
587.212
588.261
589.309
590.357
591.405
592.453
593.500
594.548
595.595
596.643
597.690
598.737
599.784
600.830
601.877
602.923
603.969
605.016
606.062
607.108
608.153
609.199
610.245
611.290
612.335
613.381
614.426
615.471
616.515
617.560
618.605
619.649
620.694
621.738
622.782
623.826
624.870
625.914
626.958
628.001
629.045
630.088
631.131
632.174
633.217
634.260
635.303
636.346
637.388
638.430
639.473
640.515
641.556
642.598
643.640
644.681
645.723
646.764
647.805
648.846
649.887
650.928
651.968
653.009
654.049
655.089
656.129
657.169
658.209
659.249
660.289
661.328
662.367
663.407
664.446
665.485
666.524
667.563
668.601
669.640
670.678
671.717
672.755
673.793
674.831
675.869
676.907
677.945
678.983
680.021
681.058
682.096
683.133
684.170
685.207
686.245
687.282
688.318
689.355
690.392
691.428
692.465
693.501
694.537
695.574
696.609
697.645
698.681
699.717
700.752
701.787
702.823
703.858
704.893
705.927
706.962
707.996
709.031
710.065
711.099
712.133
713.166
714.200
715.233
716.266
717.299
718.332
719.365
720.397
721.430
722.462
723.494
724.526
725.558
726.590
727.621
728.653
729.684
730.715
731.746
732.777
733.808
734.839
735.870
736.900
737.931
738.961
739.992
741.022
742.052
743.082
744.112
745.142
746.172
747.202
748.232
749.262
750.292
751.322
752.351
753.381
754.410
755.440
756.469
757.498
758.527
759.556
760.585
761.614
762.643
763.671
764.700
765.728
766.756
767.784
768.812
769.840
770.868
771.895
772.922
773.949
774.976
776.003
777.030
778.056
779.083
780.109
781.135
782.161
783.186
784.212
785.237
786.262
787.288
788.313
789.337
790.362
791.387
792.411
793.436
794.460
795.485
796.509
797.533
798.557
799.581
800.605
801.629
802.653
803.677
804.700
805.724
806.748
807.771
808.795
809.818
810.842
811.865
812.888
813.912
814.935
815.958
816.981
818.004
819.027
820.049
821.072
822.095
823.117
824.139
825.161
826.184
827.205
828.227
829.249
830.271
831.292
832.313
833.334
834.355
835.376
836.397
837.417
838.438
839.458
840.478
841.498
842.518
843.538
844.558
845.577
846.597
847.616
848.636
849.655
850.674
851.693
852.712
853.731
854.750
855.769
856.787
857.806
858.825
859.843
860.862
861.880
862.899
863.917
864.935
865.953
866.971
867.989
869.007
870.025
871.043
872.060
873.078
874.095
875.113
876.130
877.147
878.164
879.181
880.198
881.214
882.231
883.247
884.263
885.279
886.295
887.311
888.327
889.342
890.357
891.373
892.388
893.403
894.418
895.433
896.447
897.462
898.476
899.491
900.505
901.519
902.533
903.547
904.561
905.575
906.589
907.603
908.616
909.630
910.644
911.657
912.671
913.684
914.697
915.711
916.724
917.737
918.750
919.763
920.776
921.788
922.801
923.814
924.826
925.838
926.850
927.862
928.874
929.886
930.898
931.909
932.921
933.932
934.943
935.954
936.964
937.975
938.985
939.996
941.006
942.016
943.025
944.035
945.045
946.054
947.063
948.073
949.082
950.091
951.100
952.108
953.117
954.126
955.134
956.143
957.151
958.160
959.168
960.176
961.185
962.193
963.201
964.209
965.217
966.225
967.233
968.241
969.248
970.256
971.264
972.271
973.279
974.286
975.293
976.300
977.307
978.314
979.321
980.328
981.334
982.340
983.346
984.352
985.358
986.364
987.369
988.375
989.380
990.385
991.390
992.394
993.399
994.403
995.407
996.411
997.415
998.418
999.422
1000.425
1001.428
1002.431
1003.434
1004.437
1005.439
1006.442
1007.444
1008.447
1009.449
1010.451
1011.453
1012.455
1013.457
1014.459
1015.461
1016.462
1017.464
1018.465
1019.467
1020.468
1021.470
1022.471
1023.472
1024.473
1025.474
1026.475
1027.476
1028.477
1029.478
1030.478
1031.479
1032.479
1033.479
1034.479
1035.479
1036.479
1037.479
1038.478
1039.478
1040.477
1041.476
1042.475
1043.474
1044.473
1045.471
1046.470
1047.468
1048.466
1049.464
1050.462
1051.460
1052.457
1053.455
1054.452
1055.449
1056.446
1057.443
1058.440
1059.437
1060.433
1061.430
1062.426
1063.423
1064.419
1065.415
1066.411
1067.407
1068.403
1069.398
1070.394
1071.389
1072.385
1073.380
1074.376
1075.371
1076.366
1077.361
1078.356
1079.350
1080.345
1081.340
1082.334
1083.329
1084.323
1085.317
1086.311
1087.305
1088.299
1089.293
1090.286
1091.280
1092.273
1093.266
1094.260
1095.253
1096.246
1097.239
1098.231
1099.224
1100.217
1101.209
1102.202
1103.194
1104.186
1105.178
1106.170
1107.162
1108.154
1109.146
1110.137
1111.129
1112.120
1113.111
1114.103
1115.094
1116.085
1117.076
1118.066
1119.057
1120.048
1121.038
1122.029
1123.019
1124.009
1124.999
1125.989
1126.979
1127.969
1128.958
1129.948
1130.937
1131.926
1132.916
1133.905
1134.894
1135.883
1136.871
1137.860
1138.849
1139.837
1140.826
1141.814
1142.802
1143.790
1144.778
1145.766
1146.754
1147.742
1148.730
1149.718
1150.705
1151.693
1152.680
1153.668
1154.655
1155.642
1156.630
1157.617
1158.604
1159.591
1160.578
1161.565
1162.551
1163.538
1164.524
1165.511
1166.497
1167.483
1168.469
1169.455
1170.441
1171.427
1172.413
1173.398
1174.383
1175.369
1176.354
1177.339
1178.323
1179.308
1180.293
1181.277
1182.262
1183.246
1184.230
1185.214
1186.198
1187.182
1188.166
1189.149
1190.133
1191.116
1192.100
1193.083
1194.066
1195.050
1196.033
1197.016
1197.999
1198.982
1199.965
1200.948
1201.931
1202.914
1203.897
1204.880
1205.863
1206.846
1207.828
1208.811
1209.794
1210.776
1211.759
1212.741
1213.724
1214.706
1215.688
1216.670
1217.652
1218.634
1219.616
1220.597
1221.579
1222.560
1223.541
1224.522
1225.503
1226.484
1227.464
1228.445
1229.425
1230.405
1231.385
1232.364
1233.344
1234.323
1235.302
1236.281
1237.260
1238.239
1239.217
1240.196
1241.174
1242.153
1243.131
1244.109
1245.087
1246.065
1247.042
1248.020
1248.998
1249.975
1250.953
1251.930
1252.908
1253.885
1254.863
1255.840
1256.817
1257.795
1258.772
1259.749
1260.726
1261.703
1262.680
1263.657
1264.634
1265.611
1266.588
1267.565
1268.541
1269.518
1270.494
1271.471
1272.447
1273.423
1274.399
1275.374
1276.350
1277.325
1278.301
1279.276
1280.251
1281.226
1282.200
1283.175
1284.149
1285.123
1286.097
1287.071
1288.044
1289.018
1289.991
1290.964
1291.937
1292.910
1293.883
1294.856
1295.828
1296.801
1297.773
1298.745
1299.717
1300.689
1301.661
1302.633
1303.604
1304.576
1305.548
1306.519
1307.491
1308.462
1309.434
1310.405
1311.376
1312.347
1313.319
1314.290
1315.261
1316.232
1317.203
1318.173
1319.144
1320.115
1321.085
1322.056
1323.026
1323.997
1324.967
1325.937
1326.907
1327.877
1328.846
1329.816
1330.785
1331.754
1332.724
1333.693
1334.661
1335.630
1336.599
1337.567
1338.535
1339.503
1340.471
1341.439
1342.407
1343.374
1344.342
1345.309
1346.276
1347.243
1348.210
1349.176
1350.143
1351.109
1352.076
1353.042
1354.008
1354.974
1355.940
1356.905
1357.871
1358.837
1359.802
1360.767
1361.733
1362.698
1363.663
1364.628
1365.593
1366.558
1367.523
1368.487
1369.452
1370.417
1371.381
1372.346
1373.310
1374.274
1375.239
1376.203
1377.167
1378.131
1379.095
1380.059
1381.023
1381.986
1382.950
1383.914
1384.877
1385.840
1386.804
1387.767
1388.730
1389.693
1390.656
1391.619
1392.582
1393.544
1394.507
1395.469
1396.432
1397.394
1398.356
1399.318
1400.280
1401.241
1402.203
1403.164
1404.126
1405.087
1406.048
1407.009
1407.970
1408.930
1409.891
1410.851
1411.812
1412.772
1413.732
1414.692
1415.651
1416.611
1417.571
1418.530
1419.490
1420.449
1421.408
1422.367
1423.326
1424.285
1425.244
1426.203
1427.162
1428.120
1429.079
1430.037
1430.996
1431.954
1432.912
1433.871
1434.829
1435.787
1436.745
1437.703
1438.661
1439.618
1440.576
1441.534
1442.491
1443.449
1444.406
1445.363
1446.320
1447.277
1448.234
1449.190
1450.147
1451.103
1452.059
1453.016
1453.971
1454.927
1455.883
1456.838
1457.794
1458.749
1459.704
1460.659
1461.614
1462.569
1463.523
1464.477
1465.432
1466.386
1467.340
1468.294
1469.248
1470.202
1471.155
1472.109
1473.062
1474.016
1474.969
1475.923
1476.876
1477.829
1478.782
1479.735
1480.688
1481.641
1482.594
1483.547
1484.500
1485.453
1486.406
1487.358
1488.311
1489.263
1490.216
1491.168
1492.121
1493.073
1494.025
1494.977
1495.929
1496.881
1497.833
1498.784
1499.736
1500.687
1501.639
1502.590
1503.541
1504.492
1505.443
1506.393
1507.344
1508.294
1509.245
1510.195
1511.145
1512.095
1513.045
1513.995
1514.944
1515.894
1516.843
1517.793
1518.742
1519.691
1520.640
1521.589
1522.537
1523.486
1524.434
1525.383
1526.331
1527.279
1528.227
1529.175
1530.122
1531.070
1532.018
1532.965
1533.912
1534.859
1535.806
1536.753
1537.700
1538.647
1539.594
1540.540
1541.486
1542.433
1543.379
1544.325
1545.271
1546.217
1547.163
1548.108
1549.054
1550.000
1550.945
1551.890
1552.836
1553.781
1554.726
1555.671
1556.616
1557.561
1558.506
1559.451
1560.396
1561.340
1562.285
1563.229
1564.174
1565.118
1566.062
1567.006
1567.950
1568.894
1569.838
1570.782
1571.725
1572.669
1573.612
1574.555
1575.498
1576.441
1577.384
1578.326
1579.269
1580.211
1581.154
1582.096
1583.038
1583.980
1584.921
1585.863
1586.805
1587.746
1588.687
1589.629
1590.570
1591.511
1592.452
1593.393
1594.334
1595.275
1596.216
1597.157
1598.098
1599.038
1599.979
1600.920
1601.861
1602.801
1603.742
1604.682
1605.623
1606.563
1607.504
1608.444
1609.384
1610.325
1611.265
1612.205
1613.145
1614.084
1615.024
1615.964
1616.903
1617.842
1618.781
1619.720
1620.659
1621.597
1622.536
1623.474
1624.412
1625.350
1626.287
1627.225
1628.162
1629.099
1630.036
1630.973
1631.909
1632.846
1633.782
1634.718
1635.654
1636.591
1637.526
1638.462
1639.398
1640.334
1641.270
1642.206
1643.141
1644.077
1645.013
1645.949
1646.884
1647.820
1648.756
1649.692
1650.628
1651.564
1652.500
1653.436
1654.372
1655.308
1656.244
1657.180
1658.116
1659.052
1659.988
1660.924
1661.860
1662.795
1663.731
1664.667
1665.602
1666.538
1667.473
1668.408
1669.343
1670.278
1671.212
1672.147
1673.081
1674.015
1674.949
1675.883
1676.816
1677.750
1678.683
1679.616
1680.549
1681.481
1682.414
1683.346
1684.278
1685.210
1686.142
1687.074
1688.006
1688.938
1689.869
1690.800
1691.732
1692.663
1693.594
1694.526
1695.457
1696.388
1697.319
1698.250
1699.181
1700.112
1701.043
1701.975
1702.906
1703.837
1704.768
1705.699
1706.630
1707.561
1708.492
1709.423
1710.354
1711.285
1712.216
1713.146
1714.077
1715.008
1715.938
1716.869
1717.799
1718.729
1719.660
1720.590
1721.520
1722.449
1723.379
1724.309
1725.238
1726.167
1727.096
1728.025
1728.954
1729.882
1730.810
1731.739
1732.667
1733.594
1734.522
1735.450
1736.377
1737.304
1738.231
1739.158
1740.085
1741.012
1741.939
1742.865
1743.792
1744.718
1745.645
1746.571
1747.497
1748.423
1749.350
1750.276
1751.202
1752.128
1753.054
1753.980
1754.906
1755.832
1756.758
1757.684
1758.610
1759.535
1760.461
1761.387
1762.312
1763.238
1764.163
1765.088
1766.013
1766.938
1767.863
1768.788
1769.713
1770.637
1771.561
1772.485
1773.409
1774.333
1775.256
1776.179
1777.102
1778.025
1778.948
1779.870
1780.793
1781.715
1782.637
1783.559
1784.480
1785.402
1786.323
1787.244
1788.166
1789.087
1790.008
1790.929
1791.849
1792.770
1793.691
1794.612
1795.533
1796.454
1797.375
1798.295
1799.216
1800.137
1801.058
1801.979
1802.900
1803.821
1804.742
1805.663
1806.584
1807.504
1808.425
1809.346
1810.267
1811.187
1812.108
1813.028
1813.949
1814.869
1815.789
1816.709
1817.629
1818.548
1819.468
1820.387
1821.306
1822.225
1823.144
1824.063
1824.981
1825.900
1826.818
1827.736
1828.654
1829.572
1830.489
1831.407
1832.324
1833.242
1834.159
1835.076
1835.993
1836.910
1837.827
1838.744
1839.661
1840.578
1841.495
1842.412
1843.329
1844.246
1845.163
1846.079
1846.996
1847.912
1848.829
1849.745
1850.662
1851.578
1852.494
1853.410
1854.326
1855.242
1856.157
1857.072
1857.987
1858.902
1859.817
1860.731
1861.646
1862.560
1863.473
1864.387
1865.300
1866.213
1867.126
1868.038
1868.950
1869.862
1870.774
1871.686
1872.597
1873.509
1874.420
1875.331
1876.242
1877.153
1878.065
1878.976
1879.887
1880.798
1881.710
1882.622
1883.533
1884.445
1885.357
1886.270
1887.182
1888.095
1889.008
1889.921
1890.834
1891.747
1892.660
1893.574
1894.487
1895.401
1896.315
1897.228
1898.141
1899.055
1899.968
1900.880
1901.793
1902.705
1903.617
1904.528
1905.438
1906.349
1907.258
1908.167
1909.075
1909.983
1910.890
1911.797
1912.703
1913.608
1914.514
1915.418
1916.323
1917.227
1918.131
1919.035
1919.940
1920.844
1921.749
1922.654
1923.560
1924.467
1925.374
1926.282
1927.191
1928.101
1929.012
1929.924
1930.837
1931.751
1932.667
1933.583
1934.500
1935.418
1936.336
1937.256
1938.175
1939.095
1940.016
1940.936
1941.856
1942.776
1943.695
1944.613
1945.531
1946.447
1947.361
1948.274
1949.186
1950.095
1951.002
1951.907
1952.810
1953.710
1954.609
1955.505
1956.399
1957.291
1958.181
1959.069
1959.957
1960.844
1961.730
1962.616
1963.502
1964.389
1965.277
1966.166
1967.057
1967.951
1968.846
1969.744
1970.644
1971.547
1972.453
1973.361
1974.272
1975.185
1976.101
1977.019
1977.938
1978.859
1979.781
1980.705
1981.629
1982.553
1983.477
1984.400
1985.323
1986.245
1987.165
1988.083
1989.000
1989.914
1990.826
1991.735
1992.640
1993.543
1994.441
1995.336
1996.226
1997.111
1997.992
1998.867
1999.737
2000.602
2001.461
2002.316
2003.167
2004.016
2004.863
2005.709
2006.558
2007.410
2008.267
2009.131
2010.003
2010.884
2011.774
2012.675
2013.586
2014.508
2015.439
2016.380
2017.331
2018.290
2019.258
2020.233
2021.215
2022.203
2023.197
2024.194
2025.195
2026.197
2027.198
2028.195
2029.185
2030.163
2031.126
2032.071
2032.997
2033.907
2034.809
2035.712
2036.622
2037.537
2038.446
2039.338
2040.207
2041.068
2041.950
2042.877
2043.853
2044.872
2045.924
